1024 1 5869.65
1024 3 8985.2
1024 5 10256.45
1024 7 10178.1
1024 9 9356.7
1024 11 8725.85
1024 13 10810.45
1024 15 9523.400000000001
1024 17 10570.55
1024 19 6205.5
1024 21 6825.35
1024 23 7211.6
1024 25 7547.75
1024 27 5501.75
1024 29 5985.8
2048 1 6061.95
2048 3 6368.5
2048 5 9606.599999999999
2048 7 10955.0
2048 9 9740.85
2048 11 10404.349999999999
2048 13 10069.55
2048 15 9928.900000000001
2048 17 10096.75
2048 19 9167.05
2048 21 9239.0
2048 23 8721.5
2048 25 10340.75
2048 27 10779.15
2048 29 12489.1
4096 1 6745.75
4096 3 5324.25
4096 5 6146.9
4096 7 10428.15
4096 9 10170.3
4096 11 9516.599999999999
4096 13 9733.75
4096 15 6059.7
4096 17 9362.2
4096 19 9872.05
4096 21 10358.8
4096 23 10786.65
4096 25 11404.1
4096 27 9879.95
4096 29 9399.150000000001
8192 1 4369.1
8192 3 5469.0
8192 5 5059.7
8192 7 5401.15
8192 9 5537.55
8192 11 6397.3
8192 13 12016.5
8192 15 8796.9
8192 17 10465.400000000001
8192 19 8569.15
8192 21 9050.45
8192 23 7502.45
8192 25 12688.4
8192 27 12472.5
8192 29 9177.3
16384 1 5061.0
16384 3 4723.8
16384 5 5815.0
16384 7 6221.35
16384 9 6867.65
16384 11 7509.1
16384 13 6267.549999999999
16384 15 5513.05
16384 17 5753.700000000001
16384 19 6026.049999999999
16384 21 6220.4
16384 23 6245.6
16384 25 9350.0
16384 27 9851.5
16384 29 9992.0
32768 1 6377.55
32768 3 5024.25
32768 5 4410.65
32768 7 4472.049999999999
32768 9 6763.45
32768 11 6603.75
32768 13 5455.35
32768 15 6149.049999999999
32768 17 5998.700000000001
32768 19 5096.299999999999
32768 21 5917.95
32768 23 6880.75
32768 25 5257.0
32768 27 6589.7
32768 29 8006.55
65536 1 4248.700000000001
65536 3 5588.4
65536 5 4872.299999999999
65536 7 4548.5
65536 9 4386.85
65536 11 4694.0
65536 13 4450.35
65536 15 5682.450000000001
65536 17 6194.9
65536 19 7326.200000000001
65536 21 7039.0
65536 23 7239.1
65536 25 5096.549999999999
65536 27 5218.200000000001
65536 29 7957.75
131072 1 4833.700000000001
131072 3 4449.799999999999
131072 5 6053.5
131072 7 4565.85
131072 9 4315.35
131072 11 5194.0
131072 13 4347.65
131072 15 4358.2
131072 17 4363.65
131072 19 4395.200000000001
131072 21 5758.65
131072 23 4424.1
131072 25 4724.95
131072 27 4470.25
131072 29 4478.4
262144 1 6248.35
262144 3 4493.65
262144 5 5258.65
262144 7 5895.1
262144 9 5003.9
262144 11 5719.2
262144 13 4793.45
262144 15 4859.9
262144 17 4311.0
262144 19 5128.5
262144 21 4440.6
262144 23 5146.2
262144 25 4344.0
262144 27 4962.95
262144 29 4354.9
524288 1 4425.4
524288 3 4408.799999999999
524288 5 4248.6
524288 7 4248.200000000001
524288 9 4257.9
524288 11 4383.450000000001
524288 13 5296.65
524288 15 6051.4
524288 17 5713.75
524288 19 5870.0
524288 21 6222.85
524288 23 6017.1
524288 25 5646.799999999999
524288 27 5992.7
524288 29 4757.1
1048576 1 4243.5
1048576 3 5144.9
1048576 5 6258.5
1048576 7 4744.0
1048576 9 4243.450000000001
1048576 11 4252.55
1048576 13 4660.0
1048576 15 4252.1
1048576 17 5405.35
1048576 19 4256.35
1048576 21 4498.1
1048576 23 4345.049999999999
1048576 25 5132.049999999999
1048576 27 5520.45
1048576 29 5023.35
2097152 1 5381.6
2097152 3 5346.25
2097152 5 5950.15
2097152 7 6743.75
2097152 9 6321.65
2097152 11 4616.15
2097152 13 5078.3
2097152 15 4580.35
2097152 17 4800.9
2097152 19 4940.8
2097152 21 4307.05
2097152 23 4249.6
2097152 25 4667.05
2097152 27 5538.1
2097152 29 4251.1
4194304 1 5975.450000000001
4194304 3 5930.4
4194304 5 6143.200000000001
4194304 7 5532.8
4194304 9 4453.450000000001
4194304 11 6195.65
4194304 13 5998.15
4194304 15 5753.35
4194304 17 5636.75
4194304 19 5816.35
4194304 21 5925.75
4194304 23 5865.35
4194304 25 6326.2
4194304 27 5257.299999999999
4194304 29 5211.15
8388608 1 6026.55
8388608 3 6310.55
8388608 5 6037.15
8388608 7 6345.65
8388608 9 4830.5
8388608 11 4508.4
8388608 13 6255.65
8388608 15 6260.45
8388608 17 6238.6
8388608 19 6253.75
8388608 21 6739.6
8388608 23 5732.75
8388608 25 6441.65
8388608 27 6430.45
8388608 29 5527.15
16777216 1 6731.05
16777216 3 6752.5
16777216 5 6753.4
16777216 7 6357.45
16777216 9 6201.950000000001
16777216 11 6093.299999999999
16777216 13 6714.6
16777216 15 5950.95
16777216 17 4522.9
16777216 19 6348.0
16777216 21 6169.450000000001
16777216 23 6359.5
16777216 25 6741.85
16777216 27 5160.4
16777216 29 6341.45
33554432 1 6762.95
33554432 3 6746.0
33554432 5 6760.25
33554432 7 6793.6
33554432 9 7031.4
33554432 11 6760.6
33554432 13 6763.9
33554432 15 6741.9
33554432 17 6766.5
33554432 19 6744.4
33554432 21 6746.15
33554432 23 6765.05
33554432 25 6758.200000000001
33554432 27 6732.1
33554432 29 6758.5
67108864 1 7158.65
67108864 3 7143.450000000001
67108864 5 6761.6
67108864 7 6751.4
67108864 9 6760.2
67108864 11 6969.65
67108864 13 7005.85
67108864 15 7152.55
67108864 17 6969.15
67108864 19 6866.799999999999
67108864 21 6763.299999999999
67108864 23 7063.95
67108864 25 6766.7
67108864 27 7137.15
67108864 29 7151.1
